0, 0, -0.050, -0.098, -0.153
1, 0, -0.066, -0.094, -0.153
2, 0, -0.081, -0.091, -0.153
3, 0, -0.097, -0.088, -0.153
4, 0, -0.114, -0.084, -0.153
5, 0, -0.129, -0.080, -0.153
6, 0, -0.146, -0.076, -0.153
7, 0, -0.160, -0.072. -0.153

0, 1, -0.047, -0.082, -0.152
1, 1, -0.063, -0.079, -0.152
2, 1, -0.078, -0.075, -0.152
3, 1, -0.094, -0.071, -0.152
4, 1, -0.109, -0.068, -0.152
5, 1, -0.126, -0.064, -0.152
6, 1, -0.141, -0.061, -0.153
7, 1, -0.157, -0.057, -0.153

0, 2, -0.043, -0.064, -0.151
1, 2, -0.058, -0.062, -0.150
2, 2, -0.073, -0.059, -0.151
3, 2, -0.089, -0.055, -0.151
4, 2, -0.105, -0.052, -0.152
5, 2, -0.121, -0.049, -0.152
6, 2, -0.137, -0.046, -0.153
7, 2, -0.153, -0.042, -0.152

0, 3, -0.040, -0.049, -0.150
1, 3, -0.054, -0.045, -0.150
2, 3, -0.070, -0.042, -0.150
3, 3, -0.085, -0.039, -0.150
4, 3, -0.101, -0.036, -0.151
5, 3, -0.117, -0.032, -0.152
6, 3, -0.134, -0.030, -0.151
7, 3, -0.148, -0.027, -0.152

0, 4, -0.036, -0.033, -0.149
1, 4, -0.051, -0.030, -0.149
2, 4, -0.066, -0.026, -0.150
3, 4, -0.082, -0.023, -0.150
4, 4, -0.097, -0.021, -0.151
5, 4, -0.114, -0.017, -0.151
6, 4, -0.130, -0.014, -0.150
7, 4, -0.146, -0.010, -0.152

0, 5, -0.033, -0.018, -0.147
1, 5, -0.048, -0.014, -0.148
2, 5, -0.063, -0.011, -0.148
3, 5, -0.078, -0.008, -0.149
4, 5, -0.094, -0.005, -0.149
5, 5, -0.110, -0.001, -0.150
6, 5, -0.126, 0.001, -0.150
7, 5, -0.142, 0.005, -0.151