0, 0, 0.159, -0.081, -0.150
1, 0, 0.144, -0.084, -0.154
2, 0, 0.128, -0.085, -0.152
3, 0, 0.114, -0.089, -0.153
4, 0, 0.098, -0.091, -0.153
5, 0, 0.082, -0.095, -0.153
6, 0, 0.067, -0.096, -0.153
7, 0, 0.050, -0.100, -0.152

0, 1, 0.157, -0.065, -0.154
1, 1, 0.143, -0.068, -0.154
2, 1, 0.126, -0.070, -0.154
3, 1, 0.110, -0.073, -0.153
4, 1, 0.094, -0.075, -0.153
5, 1, 0.079, -0.078, -0.152
6, 1, 0.063, -0.080, -0.151
7, 1, 0.047, -0.083, -0.151

0, 2, 0.154, -0.048, -0.153
1, 2, 0.139, -0.052, -0.153
2, 2, 0.123, -0.054, -0.153
3, 2, 0.108, -0.057, -0.153
4, 2, 0.092, -0.059, -0.153
5, 2, 0.077, -0.062, -0.152
6, 2, 0.061, -0.065, -0.151
7, 2, 0.044, -0.068, -0.153

0, 3, 0.152, -0.033, -0.153
1, 3, 0.136, -0.036, -0.152
2, 3, 0.119, -0.038, -0.152
3, 3, 0.104, -0.041, -0.152
4, 3, 0.089, -0.043, -0.151
5, 3, 0.073, -0.047, -0.152
6, 3, 0.058, -0.049, -0.151
7, 3, 0.042, -0.052, -0.152

0, 4, 0.151, -0.016, -0.152
1, 4, 0.134, -0.019, -0.151
2, 4, 0.118, -0.023, -0.152
3, 4, 0.102, -0.025, -0.152
4, 4, 0.087, -0.027, -0.152
5, 4, 0.070, -0.031, -0.151
6, 4, 0.055, -0.033, -0.150
7, 4, 0.040, -0.036, -0.150

0, 5, 0.149, -0.001, -0.151
1, 5, 0.132, -0.004, -0.151
2, 5, 0.116, -0.007, -0.152
3, 5, 0.100, -0.010, -0.152
4, 5, 0.084, -0.013, -0.150
5, 5, 0.069, -0.015, -0.150
6, 5, 0.054, -0.018, -0.151
7, 5, 0.038, -0.021, -0.151